30 32 28 20
32 38 36 28
28 36 38 32
20 28 32 30

Iterazione: 1
R=
-55.7494 -67.1576 -66.2966 -53.6687
       0  -6.1525    -12.3 -14.9106
       0        0 -1.21126 -2.10186
       0        0        0 0.962785

Q=
-0.538122  0.672734 -0.494475  0.115534
-0.573997 0.0891121  0.790891  0.192557
-0.502247    -0.369 -0.135408 -0.770228
-0.358748 -0.635081 -0.334141  0.596927


B=
  121.099   15.0583   1.36239 -0.345397
  15.0583   13.4599    1.7818 -0.611447
  1.36239    1.7818  0.866332 -0.321706
-0.345397 -0.611447 -0.321706  0.574713
======================
Iterazione: 2
R=
  -122.04  -16.6246  -1.58232  0.423398
        0  -11.6228  -1.71498  0.629525
        0         0 -0.663375  0.413136
        0         0         0  0.425096

Q=
  -1.06945  -0.463075     0.5892 -0.0714232
    0.4379   -1.15186  -0.513309   0.458304
  0.530563   0.125314   -1.24637  -0.361977
  0.440905   0.673431   0.571256   0.818193


B=
  122.583   75.7497  -61.1583   2.01652
 -5.72198   13.5969   8.46322  -4.19094
-0.169808  0.195088   1.06282  0.578152
 0.187427  0.286273  0.242839  0.347811
======================
Iterazione: 3
R=
 -122.717  -75.0333   61.4874  -2.20946
       -0  -17.1176  -5.62167   4.07793
        0         0 -0.923349 -0.738788
       -0        -0         0  0.168994

Q=
 -1.01958  0.406278 -0.548634 -0.247179
-0.392205  -1.01476  0.369538  0.587507
-0.522205 -0.163723 -0.840167 -0.650265
-0.409761 -0.713124 -0.834515  0.775483


B=
  123.344   17.7924   -10.217  -55.4461
  7.97829   15.3826  -5.00555  -3.23876
 0.784903  0.678021    1.3923 0.0275042
-0.069247 -0.120514 -0.141028  0.131052
======================
Iterazione: 4
R=
 -123.604  -18.7522   10.5096   55.5383
        0  -14.2134   4.27363 -0.360846
        0         0  -1.63836 -0.352744
        0        -0         0  0.142349

Q=
 -1.02077 -0.320686  0.537842 -0.305069
 0.324815  -1.03248 -0.263668  0.628104
 0.524958 0.0850769  -1.07313 -0.536587
 0.460787  0.725078  0.908376  0.899808


B=
  151.189   100.163  -22.3638    70.264
 -2.53953    14.777   -1.1663  -11.5454
 -1.02261 -0.395154   1.43774   0.56172
0.0655928  0.103214  0.129307  0.128087
======================
Iterazione: 5
R=
  -151.214   -99.9013    22.3502   -70.4426
        -0   -16.4596    1.51907    10.3441
         0          0   -1.32064   -1.22205
         0          0          0 0.00143245

Q=
 -1.00145  0.295632 -0.513108 -0.362762
-0.310023  -1.00299  0.208672  0.651072
-0.516448 -0.109013 -0.936963 -0.643616
-0.442825  -0.75177  -1.00249  0.892731


B=
     202.057      106.016      106.419     -87.4594
   -0.262282      8.56684     -15.2278     -2.45961
      1.2232      1.06267      2.46249    -0.240979
-0.000634326  -0.00107688  -0.00143602   0.00127879
======================
Iterazione: 6
R=
   -202.06    -106.01   -106.452     87.456
        -0   -8.71462    14.9842     2.5562
         0          0   -2.54485  -0.412403
        -0         -0          0 0.00117188

Q=
-0.996492 -0.271538  0.532546 -0.363234
 0.310054  -1.00854 -0.161415  0.651308
 0.510241  0.061048  -1.00784 -0.642681
 0.447913  0.799844  0.963227  0.999029


B=
   153.339    225.235    101.031    160.136
   6.08852    11.7484   -11.2328   -12.7523
  -1.48321  -0.485216    2.16755    1.22352
 0.0005249 0.00093732 0.00112879 0.00117074
======================
Iterazione: 7
R=
   -153.467    -225.518     -100.48    -159.485
          0    -3.27532     11.4119     14.9114
          0           0    -10.5663    -12.2449
          0           0           0 -0.00019912

Q=
 -0.983245 -0.0142622  -0.624742  -0.363319
 -0.351031  -0.762866   0.645712   0.651352
 -0.502571  -0.554711  -0.838817  -0.642819
 -0.469966   -1.16948   -0.42411   0.999884


B=
      355.51       416.48      102.182      -186.01
    -11.5934     -21.2701     -18.0114       5.4405
      11.065      20.1814      14.0564     -5.45134
 9.35797e-05  0.000232866  8.44489e-05 -0.000199097
======================
Iterazione: 8
R=
    -355.872     -417.378     -103.102      186.168
           0     -10.5356     -18.1277    -0.686602
           0            0     -2.11877    -0.181586
           0            0            0 -0.000144925

Q=
-0.980025  0.461834 -0.465612  -0.36328
 0.363175  0.270961    1.1554  0.651271
 0.452897   -1.1104  0.349476 -0.642857
 0.444577 -0.582908  -1.10943   1.00007


B=
     233.253     -271.481     -559.113      109.916
    -12.3415      17.6744     -17.7463      4.10532
    -1.04031      2.45853    -0.539004      1.18047
-6.44305e-05  8.44782e-05  0.000160785 -0.000144936
======================
Iterazione: 9
R=
    -233.582      272.044      557.386     -109.539
           0     -3.53301      45.2879     -9.85842
           0           -0     -13.8537       1.9356
          -0            0            0 -0.000123171

Q=
-0.976266 -0.318147  0.613006 -0.363275
-0.304682  -1.36056 -0.723122  0.651261
-0.506475  0.661367  -1.32067 -0.642867
-0.479691  0.913461  0.838886   1.00001


B=
    -84.6065     -27.2425     -1167.92      -205.84
    -17.1318      25.7535     -65.5255     -41.2735
     6.08808      -7.3943      19.9199      10.8417
 5.90839e-05 -0.000112512 -0.000103326 -0.000123172
======================
Iterazione: 10
R=
     -86.538     -21.0159     -1156.23     -210.179
           0     -31.9125     -178.086      -1.4848
           0            0     -12.4305     -3.68674
           0           -0            0 -0.000205959

Q=
  0.871572   0.678474   0.506974  -0.363284
-0.0490412   -1.20235  -0.409466   0.651271
 -0.434593  -0.448182      1.142  -0.642883
 -0.347166  -0.723658    1.06022   0.999987


B=
     501.061      636.853     -1578.52      550.893
     79.4751      119.259     -191.881      92.2196
     6.68213      8.23909     -18.1044      4.30468
 7.15018e-05  0.000149044 -0.000218361 -0.000205956
======================
Iterazione: 11
R=
    -507.369     -647.725      1589.19     -558.546
           0     -18.0229     -57.7176     -4.82948
          -0            0     -3.75989      2.97398
           0           -0            0 -0.000442036

Q=
 -1.10052 -0.505405 -0.500783 -0.363262
-0.102818  -1.00185   0.39473  0.651249
 0.486224  0.390804  -1.00033 -0.642834
 0.442241  0.677496  -1.05527   1.00005


B=
     1150.66         1148     -1001.89     -1817.68
    -28.3464     -7.77192      55.7189      20.5357
   -0.512931     0.545482     0.622792      5.39112
-0.000195486 -0.000299478  0.000466465 -0.000442059
======================
Iterazione: 12
R=
       -1151     -1147.84      1002.96      1817.64
           0     -20.5301     -30.9958      23.9675
           0            0     -1.42189      5.82282
           0            0            0 -0.000986135

Q=
 -1.01237  0.505745 -0.474807  0.363416
  0.12759  -1.01616  0.342602 -0.651364
-0.476006 -0.453625   0.97836  0.642519
-0.425892 -0.632943  -1.08943 -0.999656


B=
   -232.746    -1021.15    -845.678    -843.221
    1.92721     19.7522    -63.4695    -30.5021
   -1.80307    -3.04051    -7.73466    -6.73441
0.000419987 0.000624167  0.00107432 0.000985796
======================
Iterazione: 13
R=
   -232.761    -1021.27    -845.158    -842.967
          0    -12.3018     65.1806     34.5005
          0          -0    -26.8116    -14.6536
          0           0           0 0.000177671

Q=
  0.99207 -0.280916  0.646686 -0.363279
 0.121957  -1.05456 0.0824405  0.651281
-0.464474  0.022836  -1.10261   -0.6428
-0.429065   1.01459  0.745627 -0.999707


B=
     398.776      267.818      68.6198      805.409
     -46.578      49.4651     -47.1581     -84.4004
     18.7406     -15.4796      18.6366      31.8838
-7.62323e-05  0.000180262  0.000132476 -0.000177619
======================
Iterazione: 14
R=
   -401.924    -259.266    -74.4164    -810.368
          0    -84.8174     41.7035    -11.0075
          0          -0    -1.70628     2.46013
          0           0           0 0.000320314

Q=
   -1.05488    0.348766   -0.512505   -0.363356
-0.00895806   -0.925858   -0.405536    0.651216
   0.416855     0.36158   -0.954759   -0.642944
   0.508516   -0.655223    -1.04012     0.99984


B=
    -16.8037      603.931      1225.06     -785.189
     12.5466       100.82      6.02888     -93.0533
    0.539744      -2.2289    -0.929752      3.55679
 0.000162885 -0.000209877 -0.000333166  0.000320263
======================
Iterazione: 15
R=
   -20.9779     423.517     977.713    -573.388
          0    -442.194    -738.101     544.445
         -0           0    -9.76293    0.524131
          0           0           0 0.000227632

Q=
 0.605613 -0.867828  0.514282  0.363246
-0.594835  -0.78752  0.436365 -0.651301
0.0919271  -0.55868 -0.991793  0.643163
 0.825965  0.240717   1.01447  -1.00023


B=
    -648.347     -999.575     -1377.35       918.89
     644.873      891.655      1091.41     -731.287
   -0.464563      5.58051      10.2145      -6.8034
 0.000188016  5.47947e-05  0.000230925 -0.000227684
======================
Iterazione: 16
R=
   -914.448     -1337.5    -1746.21      1167.2
          0    -72.9872    -197.729     129.678
          0           0    -5.87893      3.7397
          0          -0           0 8.09544e-05

Q=
  1.32126 0.0455301  0.519401 -0.363287
 -1.12672  0.250979  0.460211  0.651265
 0.459668 -0.415804  0.967618 -0.643241
 0.416373   0.66338   1.07503  -1.00008


B=
    -17.9199      1123.06     -1525.38     -582.924
     45.3411      149.924     -85.5074     -50.0356
    -1.14525      4.92532     -1.66826    0.0415601
 3.37072e-05  5.37036e-05  8.70287e-05 -8.09612e-05
======================
Iterazione: 17
R=
   -48.7673     273.402    -481.053    -167.679
         -0    -1099.55     1450.04     560.516
          0           0    -7.65902      -3.218
         -0          -0           0 0.000104479

Q=
 0.337325 -0.946038 -0.512904  0.363292
 -1.33296   0.68096  -0.49073  -0.65126
 0.578984 -0.273316 -0.987042   0.64325
-0.438528 -0.629581   -1.0865 -0.999989


B=
    -585.875      469.359      547.849     -337.533
     2059.41     -1497.96     -1500.67      1088.33
    -3.02327      4.11932      11.0561     -1.70871
-4.58168e-05 -6.57778e-05 -0.000113516 -0.000104477
======================
Iterazione: 18
R=
   -2141.13     1569.23     1593.32    -1139.15
          0    -41.6033    -116.594     26.8294
          0           0    -3.47519    -1.12855
          0          -0           0 0.000186665

Q=
  1.18284  -0.67869  0.546187 -0.363314
 -1.32726   1.02977  0.442227  0.651246
 0.422724 -0.527322 -0.976323 -0.643215
 0.484025  0.643189   1.05882  -1.00004


B=
    -4493.22      1496.22     -3237.26       1914.2
     18.9176      35.8972      123.843      21.0706
    -2.01529      1.10668      2.19797      3.36389
 9.03502e-05  0.000120061  0.000197645 -0.000186672
======================
Iterazione: 19
R=
   -4493.26     1496.06    -3237.75      1914.1
         -0    -42.1986    -110.244     -29.154
         -0          -0    -2.51208    -2.20451
          0           0           0 2.40015e-05

Q=
  1.00309  0.668804 -0.552709  0.363255
 -1.33126 -0.998924 -0.432466 -0.651287
 0.425388   0.51519  -1.00525  0.643109
 0.481787  -0.65612  -1.05179  -1.00011


B=
    -6953.92     -7423.49      3077.99     -6603.09
    -4.76518      4.48499      159.736     -14.2586
    -2.13071     0.152225      4.84394     0.589202
 1.15636e-05 -1.57478e-05 -2.52445e-05  -2.4004e-05
======================
Iterazione: 20
R=
    -6953.92     -7423.49       3078.1      -6603.1
           0     -9.87479     -153.751      8.79332
           0            0      -34.957      4.92448
          -0            0            0 -1.21756e-06

Q=
  1.00029 -0.511719 -0.700255  0.363248
 -1.33071 -0.864035 -0.664783 -0.651292
 0.426048 -0.744831  0.842656  0.643121
 0.481015  0.894842 -0.858357  0.999987


B=
     1057.81      1771.22      18066.1     -2314.56
    -48.1352       130.92     -130.543     -83.6561
    -12.5246      30.4437     -33.6837     -17.5572
-5.85663e-07 -1.08952e-06   1.0451e-06 -1.21754e-06
======================
     1057.81      1771.22      18066.1     -2314.56
    -48.1352       130.92     -130.543     -83.6561
    -12.5246      30.4437     -33.6837     -17.5572
-5.85663e-07 -1.08952e-06   1.0451e-06 -1.21754e-06

 1.82107e+07  2.01553e+07 -2.84551e+07  4.68862e+07
 1.48071e+07  1.64064e+07 -2.31726e+07  3.82173e+07
-2.16554e+07  -2.3995e+07   3.3891e+07 -5.58958e+07
 2.72699e+07  3.02573e+07  -4.2759e+07  7.06012e+07

SVD with QR :
 9.22652  2.76147  109.816 -9.35752
 7.60393   9.1731  120.499 -13.2756
-11.1225 -15.5085 -169.256  22.3991
 14.2361  36.9586  276.718 -43.6219
0
0
0
0
0 0 0 0
0 0 0 0
0 0 0 0
0 0 0 0

A = U * S * Vt :
0 0 0 0
0 0 0 0
0 0 0 0
0 0 0 0
