B =

    30    32    28    20
    32    38    36    28
    28    36    38    32
    20    28    32    30


 iterazione 1

Q =

   -0.5381    0.6727   -0.4945    0.1155
   -0.5740    0.0891    0.7909    0.1926
   -0.5022   -0.3690   -0.1354   -0.7702
   -0.3587   -0.6351   -0.3341    0.5969


R =

  -55.7494  -67.1576  -66.2966  -53.6687
         0   -6.1525  -12.3000  -14.9106
         0         0   -1.2113   -2.1019
         0         0         0    0.9628


B =

  121.0991   15.0583    1.3624   -0.3454
   15.0583   13.4599    1.7818   -0.6114
    1.3624    1.7818    0.8663   -0.3217
   -0.3454   -0.6114   -0.3217    0.5747


 iterazione 2

Q =

   -0.9923    0.1237   -0.0067   -0.0009
   -0.1234   -0.9816    0.1459   -0.0037
   -0.0112   -0.1373   -0.9243    0.3560
    0.0028    0.0486    0.3527    0.9345


R =

 -122.0398  -16.6246   -1.5823    0.4234
         0  -11.6228   -1.7150    0.6295
         0         0   -0.6634    0.4131
         0         0         0    0.4251


B =

  123.1692    1.4550    0.0086    0.0012
    1.4550   11.6747    0.1112    0.0206
    0.0086    0.1112    0.7588    0.1499
    0.0012    0.0206    0.1499    0.3972


 iterazione 3

Q =

   -0.9999    0.0118   -0.0000    0.0000
   -0.0118   -0.9999    0.0097    0.0001
   -0.0001   -0.0095   -0.9810   -0.1938
   -0.0000   -0.0018   -0.1938    0.9810


R =

 -123.1778   -1.5929   -0.0099   -0.0015
         0  -11.6572   -0.1185   -0.0228
         0         0   -0.7724   -0.2239
         0         0         0    0.3607


B =

  123.1881    0.1377    0.0001   -0.0000
    0.1377   11.6570    0.0078   -0.0006
    0.0001    0.0078    0.8011   -0.0699
   -0.0000   -0.0006   -0.0699    0.3538


 iterazione 4

Q =

   -1.0000    0.0011   -0.0000   -0.0000
   -0.0011   -1.0000    0.0007   -0.0000
   -0.0000   -0.0007   -0.9962    0.0869
    0.0000    0.0001    0.0869    0.9962


R =

 -123.1881   -0.1507   -0.0001    0.0000
         0  -11.6569   -0.0083    0.0007
         0         0   -0.8041    0.1004
         0         0         0    0.3464


B =

  123.1882    0.0130    0.0000    0.0000
    0.0130   11.6569    0.0005    0.0000
    0.0000    0.0005    0.8098    0.0301
    0.0000    0.0000    0.0301    0.3451


 iterazione 5

Q =

   -1.0000    0.0001   -0.0000    0.0000
   -0.0001   -1.0000    0.0000    0.0000
   -0.0000   -0.0000   -0.9993   -0.0372
   -0.0000   -0.0000   -0.0372    0.9993


R =

 -123.1882   -0.0143   -0.0000   -0.0000
         0  -11.6569   -0.0006   -0.0000
         0         0   -0.8104   -0.0429
         0         0         0    0.3437


B =

  123.1882    0.0012    0.0000   -0.0000
    0.0012   11.6569    0.0000   -0.0000
    0.0000    0.0000    0.8114   -0.0128
   -0.0000   -0.0000   -0.0128    0.3435


 iterazione 6

Q =

   -1.0000    0.0000   -0.0000   -0.0000
   -0.0000   -1.0000    0.0000   -0.0000
   -0.0000   -0.0000   -0.9999    0.0157
    0.0000    0.0000    0.0157    0.9999


R =

 -123.1882   -0.0013   -0.0000    0.0000
         0  -11.6569   -0.0000    0.0000
         0         0   -0.8115    0.0182
         0         0         0    0.3433


B =

  123.1882    0.0001    0.0000    0.0000
    0.0001   11.6569    0.0000    0.0000
    0.0000    0.0000    0.8117    0.0054
    0.0000    0.0000    0.0054    0.3432


 iterazione 7

Q =

   -1.0000    0.0000   -0.0000    0.0000
   -0.0000   -1.0000    0.0000    0.0000
   -0.0000   -0.0000   -1.0000   -0.0067
   -0.0000   -0.0000   -0.0067    1.0000


R =

 -123.1882   -0.0001   -0.0000   -0.0000
         0  -11.6569   -0.0000   -0.0000
         0         0   -0.8117   -0.0077
         0         0         0    0.3432


B =

  123.1882    0.0000    0.0000   -0.0000
    0.0000   11.6569    0.0000   -0.0000
    0.0000    0.0000    0.8118   -0.0023
   -0.0000   -0.0000   -0.0023    0.3432


 iterazione 8

Q =

   -1.0000    0.0000   -0.0000   -0.0000
   -0.0000   -1.0000    0.0000   -0.0000
   -0.0000   -0.0000   -1.0000    0.0028
    0.0000    0.0000    0.0028    1.0000


R =

 -123.1882   -0.0000   -0.0000    0.0000
         0  -11.6569   -0.0000    0.0000
         0         0   -0.8118    0.0032
         0         0         0    0.3431


B =

  123.1882    0.0000    0.0000    0.0000
    0.0000   11.6569    0.0000    0.0000
    0.0000    0.0000    0.8118    0.0010
    0.0000    0.0000    0.0010    0.3431


 iterazione 9

Q =

   -1.0000    0.0000   -0.0000    0.0000
   -0.0000   -1.0000    0.0000    0.0000
   -0.0000   -0.0000   -1.0000   -0.0012
   -0.0000   -0.0000   -0.0012    1.0000


R =

 -123.1882   -0.0000   -0.0000   -0.0000
         0  -11.6569   -0.0000   -0.0000
         0         0   -0.8118   -0.0014
         0         0         0    0.3431


B =

  123.1882    0.0000    0.0000   -0.0000
    0.0000   11.6569    0.0000   -0.0000
    0.0000    0.0000    0.8118   -0.0004
   -0.0000   -0.0000   -0.0004    0.3431


 iterazione 10

Q =

   -1.0000    0.0000   -0.0000   -0.0000
   -0.0000   -1.0000    0.0000   -0.0000
   -0.0000   -0.0000   -1.0000    0.0005
    0.0000    0.0000    0.0005    1.0000


R =

 -123.1882   -0.0000   -0.0000    0.0000
         0  -11.6569   -0.0000    0.0000
         0         0   -0.8118    0.0006
         0         0         0    0.3431


B =

  123.1882    0.0000    0.0000    0.0000
    0.0000   11.6569    0.0000    0.0000
    0.0000    0.0000    0.8118    0.0002
    0.0000    0.0000    0.0002    0.3431


 iterazione 11

Q =

   -1.0000    0.0000   -0.0000    0.0000
   -0.0000   -1.0000    0.0000    0.0000
   -0.0000   -0.0000   -1.0000   -0.0002
   -0.0000   -0.0000   -0.0002    1.0000


R =

 -123.1882   -0.0000   -0.0000   -0.0000
         0  -11.6569   -0.0000   -0.0000
         0         0   -0.8118   -0.0002
         0         0         0    0.3431


B =

  123.1882    0.0000    0.0000   -0.0000
    0.0000   11.6569    0.0000    0.0000
    0.0000    0.0000    0.8118   -0.0001
   -0.0000   -0.0000   -0.0001    0.3431


 iterazione 12

Q =

   -1.0000    0.0000   -0.0000   -0.0000
   -0.0000   -1.0000    0.0000   -0.0000
   -0.0000   -0.0000   -1.0000    0.0001
    0.0000    0.0000    0.0001    1.0000


R =

 -123.1882   -0.0000   -0.0000    0.0000
         0  -11.6569   -0.0000   -0.0000
         0         0   -0.8118    0.0001
         0         0         0    0.3431


B =

  123.1882    0.0000    0.0000    0.0000
    0.0000   11.6569    0.0000   -0.0000
    0.0000    0.0000    0.8118    0.0000
    0.0000    0.0000    0.0000    0.3431


 iterazione 13

Q =

   -1.0000    0.0000   -0.0000    0.0000
   -0.0000   -1.0000    0.0000    0.0000
   -0.0000   -0.0000   -1.0000   -0.0000
   -0.0000   -0.0000   -0.0000    1.0000


R =

 -123.1882   -0.0000   -0.0000   -0.0000
         0  -11.6569   -0.0000    0.0000
         0         0   -0.8118   -0.0000
         0         0         0    0.3431


B =

  123.1882    0.0000    0.0000   -0.0000
    0.0000   11.6569    0.0000    0.0000
    0.0000    0.0000    0.8118   -0.0000
   -0.0000   -0.0000   -0.0000    0.3431


 iterazione 14

Q =

   -1.0000    0.0000   -0.0000   -0.0000
   -0.0000   -1.0000    0.0000   -0.0000
   -0.0000   -0.0000   -1.0000    0.0000
    0.0000    0.0000    0.0000    1.0000


R =

 -123.1882   -0.0000   -0.0000    0.0000
         0  -11.6569   -0.0000   -0.0000
         0         0   -0.8118    0.0000
         0         0         0    0.3431


B =

  123.1882    0.0000    0.0000    0.0000
    0.0000   11.6569    0.0000   -0.0000
    0.0000    0.0000    0.8118    0.0000
    0.0000    0.0000    0.0000    0.3431


 iterazione 15

Q =

   -1.0000    0.0000   -0.0000    0.0000
   -0.0000   -1.0000    0.0000    0.0000
   -0.0000   -0.0000   -1.0000   -0.0000
   -0.0000   -0.0000   -0.0000    1.0000


R =

 -123.1882   -0.0000   -0.0000   -0.0000
         0  -11.6569   -0.0000    0.0000
         0         0   -0.8118   -0.0000
         0         0         0    0.3431


